Some((
    red: 0.6202532,
    green: 0.051687777,
    blue: 0.2123692,
))