Some((
    red: 1.0,
    green: 0.2777778,
    blue: 0.48188394,
))