Some((
    red: 1.0,
    green: 0.8194444,
    blue: 0.87060183,
    alpha: 1.0,
))