Some((
    red: 1.0,
    green: 0.4212963,
    blue: 0.5848429,
))