Some((
    red: 1.0,
    green: 0.8842593,
    blue: 0.9169686,
    alpha: 1.0,
))